[[0. 0. 0.]
 [0. 0. 0.]
 [0. 0. 0.]], 861, {'vgg16', 'inception', 'alexnet', 'squeezenet', 'resnet'}
[[-0.025 -0.025 -0.025]
 [-0.025 -0.025 -0.025]
 [-0.025 -0.025 -0.025]], 85, {'vgg16', 'resnet', 'inception'}
[[ 0.     0.     0.   ]
 [ 0.    -0.025  0.   ]
 [ 0.     0.     0.   ]], 59, {'vgg16', 'resnet', 'inception'}
[[ 0.     0.     0.   ]
 [ 0.     0.     0.   ]
 [-0.025  0.     0.   ]], 59, {'vgg16', 'resnet', 'inception'}
[[ 0.    -0.025  0.   ]
 [ 0.     0.     0.   ]
 [ 0.     0.     0.   ]], 54, {'vgg16', 'resnet', 'alexnet', 'inception'}
[[ 0.     0.     0.   ]
 [ 0.     0.     0.   ]
 [ 0.    -0.025  0.   ]], 53, {'vgg16', 'resnet', 'inception'}
[[0.    0.    0.025]
 [0.    0.    0.   ]
 [0.    0.    0.   ]], 50, {'vgg16', 'resnet', 'alexnet', 'inception'}
[[-0.025  0.     0.   ]
 [ 0.     0.     0.   ]
 [ 0.     0.     0.   ]], 48, {'vgg16', 'resnet', 'alexnet', 'inception'}
[[ 0.     0.     0.   ]
 [ 0.     0.     0.   ]
 [-0.025 -0.025 -0.025]], 48, {'vgg16', 'resnet', 'inception'}
[[0.    0.    0.   ]
 [0.    0.025 0.   ]
 [0.    0.    0.   ]], 48, {'vgg16', 'resnet', 'inception'}
[[ 0.     0.     0.   ]
 [ 0.     0.     0.   ]
 [ 0.     0.    -0.025]], 48, {'vgg16', 'resnet', 'alexnet', 'inception'}
[[-0.025 -0.025 -0.025]
 [ 0.     0.     0.   ]
 [ 0.     0.     0.   ]], 47, {'vgg16', 'resnet', 'inception'}
[[0.    0.    0.   ]
 [0.    0.    0.   ]
 [0.025 0.    0.   ]], 45, {'vgg16', 'resnet', 'inception'}
[[0.    0.    0.   ]
 [0.    0.    0.   ]
 [0.025 0.025 0.025]], 41, {'vgg16', 'resnet', 'inception'}
[[ 0.     0.    -0.025]
 [ 0.     0.     0.   ]
 [ 0.     0.     0.   ]], 41, {'vgg16', 'resnet', 'squeezenet', 'inception'}
[[-0.025 -0.025 -0.025]
 [-0.025  0.    -0.025]
 [-0.025 -0.025 -0.025]], 40, {'vgg16', 'resnet', 'inception'}
[[0.    0.025 0.   ]
 [0.    0.    0.   ]
 [0.    0.    0.   ]], 40, {'vgg16', 'resnet', 'alexnet', 'inception'}
[[ 0.     0.     0.   ]
 [ 0.     0.    -0.025]
 [ 0.     0.     0.   ]], 39, {'vgg16', 'inception', 'alexnet', 'squeezenet', 'resnet'}
[[0.    0.    0.   ]
 [0.    0.    0.   ]
 [0.    0.    0.025]], 36, {'vgg16', 'resnet', 'inception'}
[[0.025 0.025 0.025]
 [0.    0.    0.   ]
 [0.    0.    0.   ]], 34, {'vgg16', 'resnet', 'inception'}
[[0.    0.    0.   ]
 [0.    0.    0.   ]
 [0.    0.025 0.   ]], 34, {'vgg16', 'resnet', 'alexnet', 'inception'}
[[ 0.     0.     0.   ]
 [ 0.     0.     0.   ]
 [ 0.    -0.025 -0.025]], 34, {'vgg16', 'resnet', 'inception'}
[[ 0.     0.     0.   ]
 [ 0.     0.     0.   ]
 [-0.025  0.    -0.025]], 32, {'vgg16', 'resnet', 'alexnet', 'inception'}
[[0.025 0.    0.   ]
 [0.    0.    0.   ]
 [0.    0.    0.   ]], 32, {'vgg16', 'resnet', 'inception'}
[[-0.025  0.    -0.025]
 [ 0.     0.     0.   ]
 [ 0.     0.     0.   ]], 31, {'vgg16', 'resnet', 'alexnet', 'inception'}
[[0.    0.    0.   ]
 [0.    0.    0.   ]
 [0.025 0.    0.025]], 30, {'vgg16', 'resnet', 'alexnet', 'inception'}
[[-0.025 -0.025  0.   ]
 [ 0.     0.     0.   ]
 [ 0.     0.     0.   ]], 30, {'vgg16', 'resnet', 'inception'}
[[0.025 0.025 0.025]
 [0.025 0.025 0.025]
 [0.025 0.025 0.025]], 29, {'vgg16', 'resnet', 'inception'}
[[-0.025 -0.025 -0.025]
 [-0.025 -0.025 -0.025]
 [ 0.     0.     0.   ]], 29, {'vgg16', 'resnet', 'alexnet', 'inception'}
[[0.    0.025 0.025]
 [0.    0.    0.   ]
 [0.    0.    0.   ]], 29, {'vgg16', 'inception', 'alexnet', 'squeezenet', 'resnet'}
[[0.    0.    0.   ]
 [0.025 0.    0.   ]
 [0.    0.    0.   ]], 29, {'vgg16', 'resnet', 'squeezenet', 'inception'}
[[ 0.     0.     0.   ]
 [-0.025  0.     0.   ]
 [ 0.     0.     0.   ]], 27, {'vgg16', 'resnet', 'inception'}
[[0.    0.    0.   ]
 [0.    0.    0.025]
 [0.    0.    0.   ]], 25, {'vgg16', 'resnet', 'inception'}
[[ 0.     0.     0.   ]
 [ 0.    -0.025  0.   ]
 [ 0.    -0.025  0.   ]], 24, {'vgg16', 'resnet', 'inception'}
[[0.    0.    0.   ]
 [0.    0.    0.   ]
 [0.    0.025 0.025]], 23, {'vgg16', 'resnet', 'inception'}
[[0.    0.    0.   ]
 [0.    0.    0.   ]
 [0.025 0.025 0.   ]], 22, {'vgg16', 'resnet', 'inception'}
[[ 0.     0.     0.   ]
 [-0.025 -0.025 -0.025]
 [-0.025 -0.025 -0.025]], 21, {'vgg16', 'resnet', 'alexnet', 'inception'}
[[ 0.     0.     0.   ]
 [-0.025 -0.025  0.   ]
 [ 0.     0.     0.   ]], 20, {'vgg16', 'resnet', 'alexnet', 'inception'}
[[0.    0.    0.   ]
 [0.    0.025 0.025]
 [0.    0.    0.   ]], 20, {'vgg16', 'resnet', 'inception'}
[[ 0.     0.     0.   ]
 [ 0.     0.     0.   ]
 [-0.025 -0.025  0.   ]], 19, {'vgg16', 'resnet', 'inception'}
[[-0.025  0.     0.   ]
 [-0.025  0.     0.   ]
 [ 0.     0.     0.   ]], 19, {'vgg16', 'resnet', 'inception'}
[[ 0.    -0.025  0.   ]
 [ 0.    -0.025  0.   ]
 [ 0.     0.     0.   ]], 19, {'vgg16', 'resnet', 'inception'}
[[ 0.     0.     0.   ]
 [ 0.    -0.025 -0.025]
 [ 0.     0.     0.   ]], 19, {'vgg16', 'resnet', 'inception'}
[[ 0.     0.    -0.025]
 [ 0.     0.    -0.025]
 [ 0.     0.     0.   ]], 18, {'vgg16', 'resnet', 'alexnet', 'inception'}
[[ 0.    -0.025 -0.025]
 [ 0.     0.     0.   ]
 [ 0.     0.     0.   ]], 18, {'vgg16', 'resnet', 'alexnet', 'inception'}
[[0.025 0.    0.025]
 [0.    0.    0.   ]
 [0.    0.    0.   ]], 18, {'vgg16', 'resnet', 'inception'}
[[-0.025  0.    -0.025]
 [ 0.     0.     0.   ]
 [-0.025  0.    -0.025]], 17, {'vgg16', 'resnet', 'inception'}
[[-0.025 -0.025 -0.025]
 [ 0.     0.    -0.025]
 [-0.025 -0.025 -0.025]], 17, {'vgg16', 'resnet', 'squeezenet', 'inception'}
[[0.025 0.025 0.   ]
 [0.    0.    0.   ]
 [0.    0.    0.   ]], 17, {'vgg16', 'resnet', 'inception'}
[[-0.025 -0.025 -0.025]
 [ 0.     0.     0.   ]
 [-0.025 -0.025 -0.025]], 17, {'vgg16', 'resnet', 'inception'}
[[0.025 0.025 0.025]
 [0.025 0.025 0.025]
 [0.    0.    0.   ]], 17, {'vgg16', 'resnet', 'alexnet', 'inception'}
[[ 0.     0.     0.   ]
 [ 0.    -0.025 -0.025]
 [-0.025 -0.025 -0.025]], 17, {'vgg16', 'resnet', 'alexnet', 'inception'}
[[0.    0.    0.   ]
 [0.025 0.025 0.025]
 [0.025 0.025 0.025]], 17, {'vgg16', 'resnet', 'inception'}
[[0.    0.    0.   ]
 [0.025 0.025 0.025]
 [0.    0.    0.   ]], 17, {'vgg16', 'resnet', 'inception'}
[[0.025 0.025 0.   ]
 [0.025 0.025 0.   ]
 [0.    0.    0.   ]], 16, {'vgg16', 'resnet', 'inception'}
[[0.025 0.    0.   ]
 [0.025 0.    0.   ]
 [0.025 0.    0.   ]], 16, {'vgg16', 'resnet', 'inception'}
[[-0.025 -0.025 -0.025]
 [-0.025 -0.025 -0.025]
 [ 0.    -0.025 -0.025]], 16, {'vgg16', 'resnet', 'inception'}
[[ 0.    -0.025  0.   ]
 [-0.025 -0.025 -0.025]
 [-0.025 -0.025 -0.025]], 16, {'vgg16', 'resnet', 'squeezenet', 'inception'}
[[ 0.     0.     0.   ]
 [-0.025  0.     0.   ]
 [-0.025  0.     0.   ]], 16, {'vgg16', 'resnet', 'inception'}
[[0.025 0.025 0.025]
 [0.025 0.    0.025]
 [0.025 0.025 0.025]], 15, {'resnet', 'inception'}
[[-0.025  0.     0.   ]
 [-0.025  0.     0.   ]
 [-0.025  0.     0.   ]], 14, {'vgg16', 'resnet', 'inception'}
[[ 0.     0.     0.   ]
 [-0.025 -0.025 -0.025]
 [ 0.     0.     0.   ]], 14, {'vgg16', 'resnet', 'inception'}
[[ 0.     0.    -0.025]
 [ 0.     0.    -0.025]
 [ 0.     0.    -0.025]], 14, {'vgg16', 'resnet', 'inception'}
[[0.    0.    0.   ]
 [0.    0.025 0.   ]
 [0.    0.025 0.   ]], 14, {'vgg16', 'resnet', 'inception'}
[[0.025 0.    0.025]
 [0.    0.    0.   ]
 [0.025 0.    0.025]], 13, {'inception'}
[[0.025 0.025 0.025]
 [0.    0.    0.   ]
 [0.025 0.025 0.025]], 13, {'vgg16', 'resnet', 'squeezenet', 'inception'}
[[-0.025  0.    -0.025]
 [ 0.     0.     0.   ]
 [-0.025 -0.025 -0.025]], 13, {'vgg16', 'resnet', 'inception'}
[[ 0.     0.     0.   ]
 [ 0.     0.    -0.025]
 [-0.025 -0.025 -0.025]], 13, {'vgg16', 'resnet', 'inception'}
[[0.025 0.025 0.025]
 [0.025 0.    0.025]
 [0.025 0.    0.025]], 13, {'resnet', 'inception'}
[[-0.025 -0.025  0.   ]
 [-0.025 -0.025  0.   ]
 [ 0.     0.     0.   ]], 13, {'vgg16', 'resnet', 'inception'}
[[ 0.     0.    -0.025]
 [ 0.     0.     0.   ]
 [ 0.     0.    -0.025]], 13, {'vgg16', 'resnet', 'inception'}
[[-0.025 -0.025 -0.025]
 [-0.025 -0.025  0.   ]
 [ 0.     0.     0.   ]], 13, {'vgg16', 'resnet', 'alexnet', 'inception'}
[[ 0.     0.     0.   ]
 [ 0.     0.    -0.025]
 [ 0.     0.    -0.025]], 13, {'vgg16', 'resnet', 'inception'}
[[ 0.    -0.025  0.   ]
 [ 0.    -0.025  0.   ]
 [ 0.    -0.025  0.   ]], 13, {'vgg16', 'resnet', 'inception'}
[[-0.025 -0.025  0.   ]
 [-0.025 -0.025 -0.025]
 [ 0.     0.     0.   ]], 13, {'vgg16', 'resnet', 'inception'}
[[ 0.     0.     0.   ]
 [-0.025 -0.025  0.   ]
 [ 0.    -0.025  0.   ]], 13, {'vgg16', 'resnet', 'inception'}
[[-0.025 -0.025 -0.025]
 [-0.025  0.    -0.025]
 [-0.025  0.    -0.025]], 12, {'vgg16', 'resnet', 'squeezenet', 'inception'}
[[ 0.     0.     0.   ]
 [-0.025  0.    -0.025]
 [-0.025 -0.025 -0.025]], 12, {'vgg16', 'resnet', 'inception'}
[[-0.025 -0.025 -0.025]
 [-0.025 -0.025 -0.025]
 [-0.025 -0.025  0.   ]], 12, {'vgg16', 'resnet'}
[[-0.025 -0.025  0.   ]
 [-0.025 -0.025 -0.025]
 [-0.025 -0.025 -0.025]], 12, {'vgg16', 'resnet'}
[[ 0.     0.     0.025]
 [ 0.    -0.025  0.   ]
 [ 0.     0.     0.   ]], 12, {'vgg16', 'resnet', 'alexnet', 'inception'}
[[ 0.     0.     0.   ]
 [-0.025 -0.025  0.   ]
 [-0.025 -0.025  0.   ]], 11, {'vgg16', 'inception'}
[[0.025 0.    0.025]
 [0.025 0.    0.025]
 [0.025 0.025 0.025]], 11, {'resnet', 'inception'}
[[-0.025 -0.025 -0.025]
 [ 0.     0.     0.   ]
 [-0.025  0.    -0.025]], 11, {'resnet', 'inception'}
[[-0.025 -0.025 -0.025]
 [-0.025 -0.025 -0.025]
 [-0.025  0.    -0.025]], 11, {'vgg16', 'resnet', 'squeezenet', 'inception'}
[[ 0.    -0.025 -0.025]
 [ 0.    -0.025 -0.025]
 [ 0.    -0.025 -0.025]], 11, {'vgg16', 'resnet', 'inception'}
[[ 0.     0.     0.   ]
 [-0.025  0.     0.   ]
 [-0.025 -0.025 -0.025]], 11, {'vgg16', 'resnet', 'inception'}
[[ 0.     0.     0.   ]
 [-0.025 -0.025  0.   ]
 [-0.025 -0.025 -0.025]], 11, {'vgg16', 'resnet', 'inception'}
[[0.    0.    0.   ]
 [0.    0.    0.025]
 [0.    0.    0.025]], 11, {'vgg16', 'resnet', 'alexnet', 'inception'}
[[0.    0.    0.   ]
 [0.025 0.    0.   ]
 [0.025 0.    0.   ]], 11, {'vgg16', 'resnet', 'inception'}
[[ 0.     0.     0.   ]
 [ 0.     0.    -0.025]
 [ 0.    -0.025 -0.025]], 11, {'vgg16', 'resnet', 'inception'}
[[0.025 0.    0.   ]
 [0.025 0.    0.   ]
 [0.    0.    0.   ]], 11, {'vgg16', 'resnet', 'alexnet'}
[[0.    0.    0.025]
 [0.    0.    0.   ]
 [0.    0.    0.025]], 10, {'vgg16', 'inception'}
[[-0.025  0.     0.   ]
 [-0.025 -0.025  0.   ]
 [-0.025 -0.025  0.   ]], 10, {'vgg16'}
[[ 0.     0.     0.   ]
 [-0.025  0.    -0.025]
 [ 0.     0.     0.   ]], 10, {'vgg16', 'resnet', 'alexnet', 'inception'}
[[-0.025  0.    -0.025]
 [-0.025  0.    -0.025]
 [-0.025 -0.025 -0.025]], 10, {'vgg16', 'resnet', 'inception'}
[[ 0.     0.     0.   ]
 [-0.025 -0.025  0.   ]
 [-0.025  0.     0.   ]], 10, {'vgg16', 'resnet'}
[[0.    0.    0.   ]
 [0.025 0.025 0.   ]
 [0.    0.    0.   ]], 10, {'vgg16', 'resnet', 'inception'}
[[0.    0.025 0.   ]
 [0.    0.025 0.   ]
 [0.    0.    0.   ]], 10, {'vgg16', 'resnet', 'inception'}
[[-0.025 -0.025  0.   ]
 [ 0.    -0.025  0.   ]
 [ 0.     0.     0.   ]], 10, {'vgg16', 'resnet'}
